
 53

(((((Istiophorus_platypterus: 0.003756, Tetrapturus_audax: 0.011859): 0.000872, Makaira_nigricans: 0.000004): 0.053480, Xiphias_gladius: 0.015616): 0.011978, (((Coryphaena_equiselis: 0.078043, Echeneis_naucrates: 0.107497): 0.040436, (Gnathanodon_speciosus: 0.108870, Caranx_caninus: 0.098123): 0.013871): 0.099101, (((Centropomus_ensiferus: 0.004465, ((Centropomus_armatus: 0.006992, Centropomus_robalito: 0.000004): 0.000004, Centropomus_unionensis: 0.002300): 0.002560): 0.004987, ((Centropomus_pectinatus: 0.002306, Centropomus_medius: 0.000004): 0.011466, ((((Centropomus_poeyi: 0.035053, (Centropomus_undecimalis: 0.000004, Centropomus_irae: 0.088866): 0.000004): 0.000024, Centropomus_viridis: 0.063659): 0.002682, Centropomus_nigrescens: 0.000004): 0.005113, (Centropomus_parallelus: 0.077027, Centropomus_mexicanus: 0.051682): 0.063145): 0.000004): 0.002068): 0.022845, ((((Sphyraena_helleri: 0.048736, ((Sphyraena_africana: 0.109176, (Sphyraena_japonica: 0.023136, (Sphyraena_acutipinnis: 0.067585, Sphyraena_waitii: 0.014161): 0.053091): 0.053121): 0.018749, Sphyraena_novaehollandiae: 0.077120): 0.013003): 0.078180, ((Sphyraena_viridensis: 0.083828, Sphyraena_argentea: 0.003459): 0.000005, Sphyraena_idiastes: 0.071973): 0.005926): 0.000004, (((Sphyraena_iburiensis: 0.086867, Sphyraena_chrysotaenia: 0.028964): 0.031958, Sphyraena_pinguis: 0.052720): 0.053642, (Sphyraena_obtusata: 0.030257, Sphyraena_flavicauda: 0.031674): 0.077819): 0.025607): 0.014628, (Sphyraena_putnamae: 0.022868, (((Sphyraena_picudilla: 0.046264, (Sphyraena_ensis: 0.007051, (Sphyraena_borealis: 0.000004, Sphyraena_guachancho: 0.000004): 0.000004): 0.001769): 0.004874, Sphyraena_forsteri: 0.010364): 0.000363, (Sphyraena_qenie: 0.039975, (Sphyraena_barracuda: 0.000004, Sphyraena_jello: 0.109098): 0.000004): 0.000004): 0.000004): 0.015631): 0.023229): 0.000057): 0.001453): 0.017604, ((Hypopterus_macropterus: 0.078811, Psammoperca_waigiensis: 0.040171): 0.048106, ((((Lates_angustifrons: 0.095638, Lates_microlepis: 0.045803): 0.055016, Lates_stappersii: 0.097405): 0.100217, Lates_niloticus: 0.069123): 0.059492, (Lates_calcarifer: 0.090980, Lates_japonicus: 0.086010): 0.042221): 0.106319): 0.090908, Nematistius_pectoralis: 0.048073);

  0.017604  0.011978  0.053480  0.000872  0.003756  0.011859  0.000004  0.015616  0.001453  0.099101  0.040436  0.078043  0.107497  0.013871  0.108870  0.098123  0.000057  0.022845  0.004987  0.004465  0.002560  0.000004  0.006992  0.000004  0.002300  0.002068  0.011466  0.002306  0.000004  0.000004  0.005113  0.002682  0.000024  0.035053  0.000004  0.000004  0.088866  0.063659  0.000004  0.063145  0.077027  0.051682  0.023229  0.014628  0.000004  0.078180  0.048736  0.013003  0.018749  0.109176  0.053121  0.023136  0.053091  0.067585  0.014161  0.077120  0.005926  0.000005  0.083828  0.003459  0.071973  0.025607  0.053642  0.031958  0.086867  0.028964  0.052720  0.077819  0.030257  0.031674  0.015631  0.022868  0.000004  0.000363  0.004874  0.046264  0.001769  0.007051  0.000004  0.000004  0.000004  0.010364  0.000004  0.039975  0.000004  0.000004  0.109098  0.090908  0.048106  0.078811  0.040171  0.106319  0.059492  0.100217  0.055016  0.095638  0.045803  0.097405  0.069123  0.042221  0.090980  0.086010  0.048073

  0.000000  0.000000  0.000000  0.000000  0.000000  0.000000 -386.111184  0.000000  0.000000  0.000000  0.000000  0.000000  0.000000  0.000000  0.000000  0.000000  0.000212  0.000000  0.000000  0.000000  0.000000 -433.902683  0.000000 -370.186286  0.000000  0.000000  0.000000  0.000000 -433.289165  0.000160  0.000000  0.000000 -0.002582  0.000000 -0.002582 -0.002583  0.000000  0.000000 -430.473833  0.000000  0.000000  0.000000  0.000000  0.000000  0.000099  0.000000  0.000000  0.000000  0.000000  0.000000  0.000000  0.000000  0.000000  0.000000  0.000000  0.000000  0.000000  0.000099  0.000000  0.000000  0.000000  0.000000  0.000000  0.000000  0.000000  0.000000  0.000000  0.000000  0.000000  0.000000  0.000000  0.000000 -264.926373 -0.003237  0.000000  0.000000  0.000000  0.000000 -422.044474 -433.398211 -433.398211  0.000000 -430.966457  0.000000 -430.966457 -430.966457  0.000000  0.000000  0.000000  0.000000  0.000000  0.000000  0.000000  0.000000  0.000000  0.000000  0.000000  0.000000  0.000000  0.000000  0.000000  0.000000  0.000000


Hessian

 -7.201e-17 -1.642e-07 -1.219e-07 -3.023e-08 -3.023e-08          0 -3.063e-08 -4.629e-08 -1.642e-07          0          0  1.433e-17          0 -2.121e-17  4.369e-18  4.412e-18 -1.642e-07 -3.621e-08 -3.055e-08 -3.053e-08 -3.061e-08 -3.071e-08 -3.044e-08 -3.071e-08 -3.062e-08  -3.07e-08 -3.027e-08 -3.062e-08  -3.07e-08 -3.051e-08 -3.051e-08  -3.06e-08  -3.06e-08          0  -3.06e-08  -3.06e-08          0  2.363e-17 -3.071e-08          0          0          0 -3.579e-08 -3.001e-08 -3.001e-08 -4.494e-18          0          0          0          0          0          0          0          0          0          0 -3.001e-08 -3.001e-08 -2.319e-17 -3.001e-08          0          0          0          0 -1.867e-17 -2.443e-17          0          0          0          0 -3.045e-08 -3.278e-08 -3.079e-08 -3.422e-07 -3.422e-07  2.402e-17 -3.422e-07  -3.09e-08  -3.59e-08 -3.117e-08 -3.117e-08          0 -3.137e-08          0 -3.137e-08 -3.137e-08 -2.266e-17          0          0  1.881e-17          0          0          0          0          0          0          0          0          0 -4.649e-18 -2.415e-17          0          0
 -1.642e-07 -2.041e+04      628.1       1261       1261 -1.957e-08      503.7      -2232 -2.041e+04  2.364e-09          0 -3.387e-08  2.014e-08  3.031e-08  6.386e-08  2.007e-07 -2.041e+04     -705.9       1651      96.47       1214      440.7       1535      188.4       1490       1599      155.3       1529      441.3       1325       1325      908.9      908.9   2.42e-09      908.9      908.9 -4.164e-09   2.82e-08      448.9 -1.671e-09 -1.673e-08          0      187.5        711        711 -7.834e-08  2.965e-08  1.798e-08 -4.258e-09  1.785e-08  3.498e-10 -1.935e-08  1.149e-07  1.716e-09  9.357e-09          0        711        711 -4.156e-08        711  1.657e-09  1.753e-08  2.558e-08          0  4.741e-08 -2.454e-08          0   8.07e-09  9.753e-09          0      805.8       1480      850.6       1469       1469  2.413e-08       1469       1514      457.1      428.5      428.5  4.815e-09      434.5 -2.183e-08      434.5      434.5  -2.67e-08 -5.065e-09 -2.914e-10  4.876e-08          0          0  5.659e-09    1.8e-08          0  1.958e-09 -1.001e-09  2.041e-08   2.43e-09  3.291e-08 -4.445e-08          0 -1.404e-09
 -1.219e-07      628.1      -5636       1220       1220 -1.872e-08      478.1      225.1      628.1  4.668e-09          0 -3.204e-08  1.924e-08 -9.495e-08 -5.073e-08 -4.091e-08      628.1      481.1       1659       1011       1352      466.9      -1013        301       1451       1666      -1531       1444      442.7       1155       1155      967.1      967.1  2.284e-09      967.1      967.1  2.235e-09  2.917e-08      471.7 -1.599e-09 -1.601e-08          0      878.4     -752.5     -752.5  3.992e-08  -4.29e-08   -2.6e-08 -1.626e-08  1.708e-08  3.343e-10 -1.851e-08  2.604e-08  1.621e-09  5.272e-08          0     -752.5     -752.5 -3.948e-08     -752.5  1.585e-09 -1.293e-07  2.439e-08          0  7.486e-10 -2.317e-08          0 -6.408e-08  6.852e-09          0      198.1      532.3      853.1       1420       1420  2.279e-08       1420      -1012      427.5      452.1      452.1  5.265e-09      457.8 -2.343e-08      457.8      457.8 -2.514e-08  6.755e-08 -2.751e-10  7.722e-08          0          0  8.021e-09  1.722e-08          0  1.872e-09 -2.387e-09  2.194e-08  4.799e-09 -8.368e-08  3.049e-08          0 -1.346e-09
 -3.023e-08       1261       1220 -9.211e+04 -9.211e+04 -1.982e-08      -9594       1386       1261  5.152e-09          0  1.002e-07  2.041e-08 -1.089e-07 -5.979e-08  3.834e-07       1261       1299       1792       1668       1288      168.8       1401     -133.1       1237       1636       1553       1288      176.8       1298       1298      607.6      607.6  2.466e-09      607.6      607.6  5.167e-09  3.155e-08      176.5 -1.693e-09 -1.695e-08          0       1236       1523       1523 -3.957e-07  4.071e-08 -4.521e-07  4.495e-07  1.808e-08  3.543e-10  -1.96e-08  4.326e-07  1.749e-09  4.804e-07          0       1523       1523 -4.223e-08       1523  1.679e-09  3.761e-08  2.594e-08          0 -8.756e-08   -2.5e-08          0  1.575e-08  6.908e-09          0       1302       1398      728.3       1246       1246  2.458e-08       1246       1401      207.4      175.9      175.9  5.998e-09      184.4 -2.503e-08      184.4      184.4  4.048e-07  -8.79e-09 -2.968e-10  4.656e-08          0          0   8.53e-09  1.823e-08          0  1.983e-09 -5.047e-09  2.343e-08  5.296e-09  4.469e-08 -4.946e-08          0  -1.42e-09
 -3.023e-08       1261       1220 -9.211e+04 -9.211e+04 -1.982e-08      -9594       1386       1261  5.152e-09          0  1.002e-07  2.041e-08 -1.089e-07 -5.979e-08  3.834e-07       1261       1299       1792       1668       1288      168.8       1401     -133.1       1237       1636       1553       1288      176.8       1298       1298      607.6      607.6  2.466e-09      607.6      607.6  5.167e-09  3.155e-08      176.5 -1.693e-09 -1.695e-08          0       1236       1523       1523 -3.957e-07  4.071e-08 -4.521e-07  4.495e-07  1.808e-08  3.543e-10  -1.96e-08  4.326e-07  1.749e-09  4.804e-07          0       1523       1523 -4.223e-08       1523  1.679e-09  3.761e-08  2.594e-08          0 -8.756e-08   -2.5e-08          0  1.575e-08  6.908e-09          0       1302       1398      728.3       1246       1246  2.458e-08       1246       1401      207.4      175.9      175.9  5.998e-09      184.4 -2.503e-08      184.4      184.4  4.048e-07  -8.79e-09 -2.968e-10  4.656e-08          0          0   8.53e-09  1.823e-08          0  1.983e-09 -5.047e-09  2.343e-08  5.296e-09  4.469e-08 -4.946e-08          0  -1.42e-09
          0 -1.957e-08 -1.872e-08 -1.982e-08 -1.982e-08 -1.685e-17 -1.991e-08 -1.955e-08 -1.957e-08          0          0          0   1.54e-17 -1.682e-17 -1.538e-17          0 -1.957e-08  -1.94e-08 -1.981e-08 -1.982e-08 -1.986e-08 -1.992e-08 -1.977e-08 -1.992e-08 -1.987e-08 -1.987e-08 -1.967e-08 -1.987e-08 -1.992e-08 -1.981e-08 -1.981e-08 -1.986e-08 -1.986e-08          0 -1.986e-08 -1.986e-08          0          0 -1.992e-08          0 -1.583e-17          0 -1.938e-08 -1.938e-08 -1.938e-08          0  1.626e-17          0          0  1.538e-17          0 -1.667e-17          0          0  1.682e-17          0 -1.938e-08 -1.938e-08 -1.574e-17 -1.938e-08          0          0  1.619e-17          0          0          0          0          0  1.655e-17          0 -1.955e-08 -1.942e-08  -1.99e-08 -1.977e-08 -1.977e-08          0 -1.977e-08 -1.977e-08 -1.992e-08 -1.992e-08 -1.992e-08          0 -1.992e-08  -1.64e-17 -1.992e-08 -1.992e-08          0          0          0  1.581e-17          0          0          0   1.55e-17          0          0          0  1.554e-17          0  1.636e-17          0          0          0
 -3.063e-08      503.7      478.1      -9594      -9594 -1.991e-08      -1558      625.7      503.7  5.184e-09          0  1.003e-07  2.051e-08 -1.096e-07 -6.014e-08 -7.108e-09      503.7      550.7       1027      896.4      514.3     -609.2      602.4     -523.2      464.2      870.6      756.2      518.7     -606.8        529        529      225.5      225.5  2.481e-09      225.5      225.5  5.177e-09  3.173e-08     -602.8   -1.7e-09 -1.703e-08          0      495.6      766.4      766.4  2.014e-09  4.028e-08 -2.909e-08  2.878e-08  1.816e-08   3.56e-10 -1.969e-08  2.578e-08  1.759e-09  5.802e-08          0      766.4      766.4 -4.246e-08      766.4  1.686e-09  3.665e-08  2.606e-08          0 -8.761e-08 -2.515e-08          0  1.522e-08  6.922e-09          0      538.6      658.3     -49.92      480.8      480.8  2.473e-08      480.8      602.2     -576.5     -607.7     -607.7  6.054e-09     -599.1 -2.515e-08     -599.1     -599.1   1.83e-08 -8.204e-09 -2.986e-10  4.744e-08          0          0  8.565e-09  1.831e-08          0  1.992e-09 -5.107e-09  2.355e-08  5.329e-09  4.424e-08 -4.916e-08          0 -1.426e-09
 -4.629e-08      -2232      225.1       1386       1386 -1.955e-08      625.7 -1.925e+04      -2232  4.769e-09          0  7.773e-08  2.012e-08 -9.078e-08  -4.45e-08  -2.75e-08      -2232        204       1745      -8352       -215      536.2       1554      500.1       1592       1722      -8155       1631      487.8      507.5      507.5       1217       1217  2.418e-09       1217       1217 -1.176e-07  3.065e-08      546.8 -1.669e-09 -1.672e-08          0      776.3       1535       1535  3.312e-08 -2.382e-07  1.896e-08  1.113e-07  1.783e-08  3.493e-10 -1.933e-08 -9.966e-09  1.715e-09  9.319e-09          0       1535       1535 -4.152e-08       1535  1.655e-09 -2.529e-07  2.555e-08          0 -6.636e-08 -2.451e-08          0  -2.55e-07  7.174e-09          0       1418       1486       1041       1576       1576  2.411e-08       1576       1541      566.6      539.8      539.8  5.738e-09      547.3 -2.435e-08      547.3      547.3 -2.667e-08 -5.139e-09 -2.911e-10  4.897e-08          0          0  8.141e-09  1.798e-08          0  1.955e-09  2.702e-07   2.28e-08  4.903e-09 -2.362e-07 -4.478e-08          0 -1.402e-09
 -1.642e-07 -2.041e+04      628.1       1261       1261 -1.957e-08      503.7      -2232 -2.041e+04  2.364e-09          0 -3.387e-08  2.014e-08  3.031e-08  6.386e-08  2.007e-07 -2.041e+04     -705.9       1651      96.47       1214      440.7       1535      188.4       1490       1599      155.3       1529      441.3       1325       1325      908.9      908.9   2.42e-09      908.9      908.9 -4.164e-09   2.82e-08      448.9 -1.671e-09 -1.673e-08          0      187.5        711        711 -7.834e-08  2.965e-08  1.798e-08 -4.258e-09  1.785e-08  3.498e-10 -1.935e-08  1.149e-07  1.716e-09  9.357e-09          0        711        711 -4.156e-08        711  1.657e-09  1.753e-08  2.558e-08          0  4.741e-08 -2.454e-08          0   8.07e-09  9.753e-09          0      805.8       1480      850.6       1469       1469  2.413e-08       1469       1514      457.1      428.5      428.5  4.815e-09      434.5 -2.183e-08      434.5      434.5  -2.67e-08 -5.065e-09 -2.914e-10  4.876e-08          0          0  5.659e-09    1.8e-08          0  1.958e-09 -1.001e-09  2.041e-08   2.43e-09  3.291e-08 -4.445e-08          0 -1.404e-09
          0  2.364e-09  4.668e-09  5.152e-09  5.152e-09          0  5.184e-09  4.769e-09  2.364e-09 -4.081e-18          0          0          0  4.424e-18          0          0  2.364e-09  3.215e-09   5.14e-09  5.153e-09  5.168e-09  5.188e-09  5.133e-09  5.188e-09   5.17e-09  5.152e-09  5.097e-09   5.17e-09  5.188e-09  5.147e-09  5.147e-09  5.167e-09  5.167e-09          0  5.167e-09  5.167e-09          0 -4.217e-18  5.188e-09          0          0          0 -7.822e-08  1.438e-09  1.438e-09          0          0          0          0          0          0          0          0          0          0          0  1.438e-09  1.438e-09          0  1.438e-09          0          0          0          0          0          0          0  4.162e-18  4.354e-18          0  1.885e-10  3.873e-09  3.825e-09      4e-09      4e-09          0      4e-09  3.999e-09  4.055e-09  4.056e-09  4.056e-09          0  4.051e-09  4.313e-18  4.051e-09  4.051e-09          0          0          0          0          0          0 -4.234e-18          0          0          0 -4.289e-18 -4.088e-18 -4.196e-18          0          0          0          0
          0          0          0          0          0          0          0          0          0          0          0          0          0          0          0          0          0          0          0          0          0          0          0          0          0          0          0          0          0          0          0          0          0          0          0          0          0          0          0          0          0          0          0          0          0          0          0          0          0          0          0          0          0          0          0          0          0          0          0          0          0          0          0          0          0          0          0          0          0          0          0          0          0          0          0          0          0          0          0          0          0          0          0          0          0          0          0          0          0          0          0          0          0          0          0          0          0          0          0          0          0          0          0
  1.433e-17 -3.387e-08 -3.204e-08  1.002e-07  1.002e-07          0  1.003e-07  7.773e-08 -3.387e-08          0          0 -9.095e-17  2.581e-19  3.552e-17  3.248e-17   3.28e-17 -3.387e-08  8.738e-08  9.707e-08  9.734e-08  9.767e-08  9.804e-08   9.69e-08  9.092e-08  9.773e-08  9.581e-08 -8.336e-08   9.73e-08  9.681e-08  9.638e-08  9.638e-08  9.077e-08  9.077e-08  2.762e-19  9.077e-08  9.077e-08          0 -2.365e-17  9.806e-08  1.344e-18 -1.327e-18          0  7.885e-08  8.447e-08  8.447e-08 -3.473e-17          0 -4.515e-18          0          0          0          0          0          0  1.409e-18          0  8.447e-08  8.447e-08  2.189e-17  8.447e-08 -1.333e-18 -8.919e-18 -5.697e-18          0   6.89e-17  2.306e-17          0          0  5.826e-18          0 -2.958e-07   -8.3e-08 -1.234e-07 -1.955e-07 -1.955e-07 -2.268e-17 -1.955e-07  9.804e-08  9.544e-08   9.94e-08   9.94e-08          0  9.611e-08 -2.749e-19  9.611e-08  9.611e-08  2.139e-17  -1.31e-18 -2.727e-19 -3.047e-17          0          0 -5.666e-18          0          0 -1.304e-18          0          0          0  1.371e-18  8.384e-18          0  1.636e-18
          0  2.014e-08  1.924e-08  2.041e-08  2.041e-08   1.54e-17  2.051e-08  2.012e-08  2.014e-08          0          0  2.581e-19 -1.608e-17  1.537e-17  1.405e-17          0  2.014e-08  1.996e-08   2.04e-08  2.042e-08  2.046e-08  2.052e-08  2.036e-08  2.052e-08  2.047e-08  2.046e-08  2.025e-08  2.047e-08  2.052e-08   2.04e-08   2.04e-08  2.018e-08  2.018e-08 -2.151e-18  2.018e-08  2.018e-08          0          0  2.052e-08          0  1.447e-17          0  1.994e-08  1.994e-08  1.994e-08          0 -1.486e-17          0          0 -1.405e-17          0  1.523e-17          0          0 -1.536e-17          0  1.994e-08  1.994e-08  1.438e-17  1.994e-08          0          0 -1.479e-17          0          0          0          0          0 -1.512e-17          0  2.013e-08  1.801e-08  2.045e-08  2.036e-08  2.036e-08          0  2.036e-08  2.036e-08  2.052e-08  2.052e-08  2.052e-08          0  2.052e-08  1.525e-17  2.052e-08  2.052e-08          0          0  2.655e-19 -1.444e-17          0          0          0 -1.416e-17          0          0          0  -1.42e-17          0 -1.495e-17          0          0 -2.655e-19
 -2.121e-17  3.031e-08 -9.495e-08 -1.089e-07 -1.089e-07 -1.682e-17 -1.096e-07 -9.078e-08  3.031e-08  4.424e-18          0  3.552e-17  1.537e-17 -9.173e-17 -4.988e-17 -3.598e-17  3.031e-08 -9.702e-08 -1.091e-07 -1.094e-07 -1.097e-07 -1.101e-07 -1.089e-07 -9.831e-08 -1.098e-07 -1.077e-07  8.277e-08 -1.093e-07 -1.088e-07 -1.083e-07 -1.083e-07 -9.786e-08 -9.786e-08          0 -9.786e-08 -9.786e-08          0  4.572e-18 -1.101e-07          0  -1.58e-17          0  -2.97e-09 -9.509e-08 -9.509e-08  3.552e-17  1.623e-17          0          0  1.534e-17          0 -1.664e-17          0          0  1.678e-17          0 -9.509e-08 -9.509e-08  -1.57e-17 -9.509e-08          0          0  1.615e-17          0 -3.523e-17          0          0 -4.512e-18   1.18e-17          0   2.94e-08 -1.028e-07 -1.016e-07 -1.072e-07 -1.072e-07          0 -1.072e-07 -1.072e-07 -1.085e-07 -1.085e-07 -1.085e-07          0 -1.084e-07 -2.104e-17 -1.084e-07 -1.084e-07          0  4.736e-18          0  2.367e-17          0          0  5.737e-18  1.547e-17          0          0   4.65e-18  1.994e-17  4.549e-18    2.1e-17 -2.869e-17          0          0
  4.369e-18  6.386e-08 -5.073e-08 -5.979e-08 -5.979e-08 -1.538e-17 -6.014e-08  -4.45e-08  6.386e-08          0          0  3.248e-17  1.405e-17 -4.988e-17 -4.561e-17 -3.189e-17  6.386e-08 -5.214e-08 -6.004e-08 -6.025e-08 -6.044e-08 -6.062e-08     -6e-08 -5.532e-08 -6.048e-08 -5.863e-08  1.149e-07 -6.005e-08 -5.942e-08 -5.936e-08 -5.936e-08 -5.508e-08 -5.508e-08          0 -5.508e-08 -5.508e-08          0          0 -6.064e-08          0 -1.445e-17          0 -4.695e-08 -5.221e-08 -5.221e-08  3.248e-17  1.484e-17          0          0  1.403e-17          0 -1.521e-17          0          0  1.534e-17          0 -5.221e-08 -5.221e-08 -1.436e-17 -5.221e-08          0          0  1.477e-17          0 -3.222e-17          0          0          0  1.511e-17          0  6.088e-08 -5.794e-08 -5.427e-08 -5.956e-08 -5.956e-08          0 -5.956e-08 -5.956e-08 -6.026e-08 -6.028e-08 -6.028e-08          0 -6.015e-08 -1.496e-17 -6.015e-08 -6.015e-08          0          0          0  2.267e-17          0          0          0  1.414e-17          0          0          0  1.418e-17          0   1.92e-17 -4.076e-18          0          0
  4.412e-18  2.007e-07 -4.091e-08  3.834e-07  3.834e-07          0 -7.108e-09  -2.75e-08  2.007e-07          0          0   3.28e-17          0 -3.598e-17 -3.189e-17  -4.14e-17  2.007e-07 -3.812e-08 -5.197e-08 -5.223e-08 -5.242e-08  -5.26e-08 -5.197e-08 -4.724e-08 -5.245e-08  -5.05e-08  1.247e-07 -5.203e-08 -5.138e-08 -5.133e-08 -5.133e-08   -4.7e-08   -4.7e-08          0   -4.7e-08   -4.7e-08          0          0 -5.261e-08          0          0          0 -3.321e-08 -4.389e-08 -4.389e-08  3.696e-17          0          0 -4.407e-18          0          0          0 -4.263e-18          0 -4.427e-18          0 -4.389e-08 -4.389e-08          0 -4.389e-08          0          0          0          0 -3.253e-17          0          0          0          0          0  7.044e-08 -4.861e-08 -4.611e-08 -5.153e-08 -5.153e-08          0 -5.153e-08 -5.153e-08 -5.223e-08 -5.225e-08 -5.225e-08          0 -5.212e-08          0 -5.212e-08 -5.212e-08 -4.048e-18          0          0  7.283e-18          0          0  1.059e-18          0          0          0          0          0          0  4.308e-18 -4.115e-18          0          0
 -1.642e-07 -2.041e+04      628.1       1261       1261 -1.957e-08      503.7      -2232 -2.041e+04  2.364e-09          0 -3.387e-08  2.014e-08  3.031e-08  6.386e-08  2.007e-07 -2.041e+04     -705.9       1651      96.47       1214      440.7       1535      188.4       1490       1599      155.3       1529      441.3       1325       1325      908.9      908.9   2.42e-09      908.9      908.9 -4.164e-09   2.82e-08      448.9 -1.671e-09 -1.673e-08          0      187.5        711        711 -7.834e-08  2.965e-08  1.798e-08 -4.258e-09  1.785e-08  3.498e-10 -1.935e-08  1.149e-07  1.716e-09  9.357e-09          0        711        711 -4.156e-08        711  1.657e-09  1.753e-08  2.558e-08          0  4.741e-08 -2.454e-08          0   8.07e-09  9.753e-09          0      805.8       1480      850.6       1469       1469  2.413e-08       1469       1514      457.1      428.5      428.5  4.815e-09      434.5 -2.183e-08      434.5      434.5  -2.67e-08 -5.065e-09 -2.914e-10  4.876e-08          0          0  5.659e-09    1.8e-08          0  1.958e-09 -1.001e-09  2.041e-08   2.43e-09  3.291e-08 -4.445e-08          0 -1.404e-09
 -3.621e-08     -705.9      481.1       1299       1299  -1.94e-08      550.7        204     -705.9  3.215e-09          0  8.738e-08  1.996e-08 -9.702e-08 -5.214e-08 -3.812e-08     -705.9 -1.379e+04      911.9       1576       1491      485.7       1601      598.7       1516     -583.9       -841       1560      483.1      967.1      967.1       1309       1309  2.395e-09       1309       1309  4.584e-09  2.881e-08      489.1 -1.657e-09 -1.659e-08          0       72.2     -880.3     -880.3  4.104e-08    3.8e-08  1.838e-08  1.679e-07   1.77e-08  3.467e-10 -1.919e-08 -1.242e-08  1.698e-09  9.026e-09          0     -880.3     -880.3 -4.116e-08     -880.3  1.643e-09  2.951e-08  2.535e-08          0 -7.387e-08 -2.428e-08          0  1.548e-08  8.758e-09          0      656.9       1252      810.5       1482       1482  2.388e-08       1482       1569      484.7      455.6      455.6  5.077e-09      460.3 -2.257e-08      460.3      460.3 -2.641e-08 -7.115e-09 -2.883e-10  4.637e-08          0          0  6.647e-09  1.784e-08          0  1.941e-09  -6.38e-09  2.111e-08  3.305e-09  4.168e-08 -4.624e-08          0 -1.392e-09
 -3.055e-08       1651       1659       1792       1792 -1.981e-08       1027       1745       1651   5.14e-09          0  9.707e-08   2.04e-08 -1.091e-07 -6.004e-08 -5.197e-08       1651      911.9 -7.261e+04       1110      579.1      690.9       1965      149.6       1758 -1.442e+04      690.4       2053      936.4       1140       1140       1054       1054  2.464e-09       1054       1054  5.161e-09  3.151e-08      805.2 -1.692e-09 -1.694e-08          0       1166  -1.31e+04  -1.31e+04  4.897e-08  3.976e-08  1.983e-08 -1.765e-08  1.807e-08  3.542e-10 -1.959e-08 -2.001e-08  1.747e-09  9.049e-09          0  -1.31e+04  -1.31e+04 -4.221e-08  -1.31e+04  1.678e-09  3.416e-08  2.592e-08          0 -8.546e-08 -2.498e-08          0  1.485e-08  6.915e-09          0      909.8 -1.601e+04 -1.571e+04       1994       1994  2.456e-08       1994       2194      971.3      939.2      939.2  5.988e-09      637.7   -2.5e-08      637.7      637.7 -2.721e-08 -7.322e-09 -2.966e-10  4.761e-08          0          0  9.115e-09  1.822e-08          0  1.982e-09 -5.043e-09  2.341e-08  5.285e-09  4.405e-08 -4.853e-08          0 -1.419e-09
 -3.053e-08      96.47       1011       1668       1668 -1.982e-08      896.4      -8352      96.47  5.153e-09          0  9.734e-08  2.042e-08 -1.094e-07 -6.025e-08 -5.223e-08      96.47       1576       1110 -9.014e+04      -5749      749.3       2061        930       1863       1727 -1.388e+04       1983      766.2      -1589      -1589       1665       1665  2.467e-09       1665       1665  5.168e-09  3.155e-08      781.9 -1.693e-09 -1.695e-08          0       1020      -7960      -7960  4.919e-08  3.981e-08  1.986e-08 -1.846e-08  1.808e-08  3.544e-10  -1.96e-08 -2.008e-08  1.749e-09  9.049e-09          0      -7960      -7960 -4.224e-08      -7960  1.679e-09  3.424e-08  2.594e-08          0 -8.573e-08   -2.5e-08          0  1.487e-08  6.909e-09          0       1744       1790       1172       1865       1865  2.459e-08       1865       2065      844.5      812.5      812.5      6e-09      817.5 -2.503e-08      817.5      817.5 -2.724e-08 -7.915e-09 -2.969e-10  4.777e-08          0          0  8.536e-09  1.823e-08          0  1.983e-09  -5.05e-09  2.344e-08  5.297e-09  4.411e-08  -4.86e-08          0  -1.42e-09
 -3.061e-08       1214       1352       1288       1288 -1.986e-08      514.3       -215       1214  5.168e-09          0  9.767e-08  2.046e-08 -1.097e-07 -6.044e-08 -5.242e-08       1214       1491      579.1      -5749 -1.534e+05      361.2       1744      593.8       1535       1558      -1034       1546      409.8      903.7      903.7       1276       1276  2.474e-09       1276       1276  5.182e-09  3.164e-08      413.1 -1.696e-09 -1.699e-08          0       1350       1536       1536  4.937e-08  3.995e-08  1.993e-08 -1.852e-08  1.812e-08  3.552e-10 -1.964e-08 -2.016e-08  1.754e-09  9.053e-09          0       1536       1536 -4.235e-08       1536  1.682e-09  3.439e-08    2.6e-08          0 -8.601e-08 -2.507e-08          0  1.495e-08  6.914e-09          0       1586       1349      692.8       1491       1491  2.466e-08       1491       1694      450.9      418.3      418.3  6.027e-09      421.8 -2.509e-08      421.8      421.8 -2.732e-08 -7.959e-09 -2.977e-10  4.789e-08          0          0  8.555e-09  1.827e-08          0  1.987e-09 -5.085e-09  2.349e-08  5.313e-09  4.428e-08 -4.878e-08          0 -1.423e-09
 -3.071e-08      440.7      466.9      168.8      168.8 -1.992e-08     -609.2      536.2      440.7  5.188e-09          0  9.804e-08  2.052e-08 -1.101e-07 -6.062e-08  -5.26e-08      440.7      485.7      690.9      749.3      361.2     -715.1      585.9     -582.8     -311.1      753.2      751.6      418.6     -708.5      428.6      428.6      167.8      167.8  2.484e-09      167.8      167.8  5.148e-09  3.175e-08     -705.8 -1.688e-09 -1.705e-08          0      409.3      695.9      695.9  4.951e-08  3.996e-08  1.991e-08 -1.856e-08  1.817e-08  3.562e-10  -1.97e-08 -2.013e-08  1.742e-09  9.135e-09          0      695.9      695.9 -4.249e-08      695.9  1.674e-09  3.441e-08  2.607e-08          0 -8.631e-08 -2.517e-08          0  1.489e-08  6.935e-09          0      521.2        511     -197.2        379        379  2.475e-08        379      576.5     -675.5     -708.3     -708.3  6.064e-09     -700.5 -2.517e-08     -700.5     -700.5 -2.743e-08 -7.942e-09 -2.989e-10  4.816e-08          0          0  8.555e-09  1.832e-08          0   1.98e-09 -5.134e-09  2.356e-08  5.334e-09  4.426e-08 -4.877e-08          0 -1.413e-09
 -3.044e-08       1535      -1013       1401       1401 -1.977e-08      602.4       1554       1535  5.133e-09          0   9.69e-08  2.036e-08 -1.089e-07     -6e-08 -5.197e-08       1535       1601       1965       2061       1744      585.9 -6.014e+04      713.8       1642       2018       2011       1692      590.1       1696       1696       1448       1448  2.458e-09       1448       1448  5.148e-09  3.144e-08      592.9 -1.688e-09  -1.69e-08          0       1340      -3740      -3740  4.896e-08  3.963e-08  1.975e-08 -1.838e-08  1.803e-08  3.534e-10 -1.955e-08 -1.997e-08  1.742e-09  9.044e-09          0      -3740      -3740  -4.21e-08      -3740  1.674e-09  3.403e-08  2.586e-08          0 -8.535e-08 -2.491e-08          0  1.476e-08  6.901e-09          0       1242       1726       1059       1645       1645   2.45e-08       1645       1842      622.6      590.6      590.6  5.964e-09      597.5 -2.496e-08      597.5      597.5 -2.713e-08 -7.856e-09 -2.958e-10   4.76e-08          0          0   8.51e-09  1.818e-08          0  1.978e-09 -5.003e-09  2.337e-08  5.277e-09  4.388e-08 -4.835e-08          0 -1.417e-09
 -3.071e-08      188.4        301     -133.1     -133.1 -1.992e-08     -523.2      500.1      188.4  5.188e-09          0  9.092e-08  2.052e-08 -9.831e-08 -5.532e-08 -4.724e-08      188.4      598.7      149.6        930      593.8     -582.8      713.8     -588.3      483.5      820.9      902.2        551     -575.5      562.7      562.7      162.4      162.4  2.484e-09      162.4      162.4          0  3.006e-08     -576.6          0 -1.871e-08          0      506.6      430.1      430.1  4.239e-08  2.978e-08  1.098e-08 -1.305e-08  1.817e-08  3.562e-10  -1.97e-08 -9.775e-09          0  1.542e-08          0      430.1      430.1 -4.249e-08      430.1          0    2.4e-08  2.436e-08          0 -7.925e-08 -2.517e-08          0  4.982e-09  8.677e-09          0      466.7       90.9     -256.2      157.2      157.2  2.475e-08      157.2     -6.967       -555     -577.2     -577.2  6.064e-09     -572.4 -2.517e-08     -572.4     -572.4 -2.743e-08 -5.328e-09 -2.989e-10  5.261e-08          0          0  6.861e-09  1.832e-08          0  3.424e-10 -5.134e-09  2.356e-08  5.334e-09  3.009e-08 -3.359e-08          0  2.989e-10
 -3.062e-08       1490       1451       1237       1237 -1.987e-08      464.2       1592       1490   5.17e-09          0  9.773e-08  2.047e-08 -1.098e-07 -6.048e-08 -5.245e-08       1490       1516       1758       1863       1535     -311.1       1642      483.5 -1.878e+05       1817       1821       1483      365.4       1493       1493       1235       1235  2.475e-09       1235       1235  5.185e-09  3.166e-08      368.2 -1.697e-09 -1.699e-08          0       1439       1727       1727   4.94e-08  3.997e-08  1.994e-08 -1.854e-08  1.813e-08  3.553e-10 -1.965e-08 -2.017e-08  1.755e-09  9.053e-09          0       1727       1727 -4.236e-08       1727  1.683e-09  3.441e-08  2.601e-08          0 -8.606e-08 -2.508e-08          0  1.497e-08  6.915e-09          0       1565       1549        875       1441       1441  2.467e-08       1441       1644      398.4      365.7      365.7  6.032e-09      373.5  -2.51e-08      373.5      373.5 -2.733e-08 -7.975e-09 -2.979e-10  4.792e-08          0          0  8.549e-09  1.827e-08          0  1.988e-09 -5.091e-09   2.35e-08  5.315e-09  4.431e-08 -4.881e-08          0 -1.423e-09
  -3.07e-08       1599       1666       1636       1636 -1.987e-08      870.6       1722       1599  5.152e-09          0  9.581e-08  2.046e-08 -1.077e-07 -5.863e-08  -5.05e-08       1599     -583.9 -1.442e+04       1727       1558      753.2       2018      820.9       1817 -1.468e+05     -344.1       2003      873.1      -4523      -4523       1682       1682  2.474e-09       1682       1682   5.18e-09  3.163e-08      833.2 -1.697e-09 -1.699e-08          0       1580      842.6      842.6   4.75e-08  3.995e-08  1.993e-08 -1.675e-08  1.812e-08  3.552e-10 -1.965e-08 -2.007e-08  1.754e-09  9.056e-09          0      842.6      842.6 -4.235e-08      842.6  1.683e-09  3.435e-08  2.601e-08          0 -8.413e-08 -2.507e-08          0  1.497e-08  6.933e-09          0       1763 -1.617e+04      -1129       1834       1834  2.466e-08       1834       2035        808      775.8      775.8  6.023e-09      733.8 -2.508e-08      733.8      733.8 -2.732e-08  8.674e-10 -2.978e-10  4.611e-08          0          0  1.763e-08  1.827e-08          0  1.988e-09 -5.099e-09  2.348e-08  5.297e-09  4.428e-08 -4.878e-08          0 -1.423e-09
 -3.027e-08      155.3      -1531       1553       1553 -1.967e-08      756.2      -8155      155.3  5.097e-09          0 -8.336e-08  2.025e-08  8.277e-08  1.149e-07  1.247e-07      155.3       -841      690.4 -1.388e+04      -1034      751.6       2011      902.2       1821     -344.1 -3.336e+04       1803        486      -1318      -1318       1628       1628  2.441e-09       1628       1628  5.112e-09  3.123e-08      754.4  -1.68e-09 -1.682e-08          0      464.1       1746       1746 -1.309e-07  3.929e-08  1.957e-08  -1.82e-08  1.794e-08  3.516e-10 -1.945e-08 -1.978e-08  1.731e-09  9.036e-09          0       1746       1746 -4.185e-08       1746  1.666e-09  3.367e-08  2.572e-08          0  9.335e-08 -2.474e-08          0  1.457e-08  6.888e-09          0      -3276       1353      893.8       1776       1776  2.433e-08       1776       1967      763.7      732.1      732.1    5.9e-09      732.6 -2.482e-08      732.6      732.6 -2.694e-08 -5.893e-09 -2.938e-10  -1.32e-07          0          0  1.038e-08  1.809e-08          0  1.968e-09 -4.919e-09  2.324e-08   5.24e-09  4.347e-08 -4.791e-08          0  -1.41e-09
 -3.062e-08       1529       1444       1288       1288 -1.987e-08      518.7       1631       1529   5.17e-09          0   9.73e-08  2.047e-08 -1.093e-07 -6.005e-08 -5.203e-08       1529       1560       2053       1983       1546      418.6       1692        551       1483       2003       1803 -1.883e+05     -212.3       1557       1557       1290       1290  2.475e-09       1290       1290  5.185e-09  3.166e-08      424.8 -1.697e-09 -1.699e-08          0       1472       1803       1803  4.897e-08  3.998e-08  1.994e-08 -1.854e-08  1.813e-08  3.553e-10 -1.965e-08 -2.017e-08  1.755e-09  9.053e-09          0       1803       1803 -4.236e-08       1803  1.683e-09  3.441e-08  2.601e-08          0 -8.563e-08 -2.508e-08          0  1.497e-08  6.915e-09          0       1559       1646      977.4       1490       1490  2.467e-08       1490       1693      453.7      421.3      421.3  6.032e-09      429.8  -2.51e-08      429.8      429.8 -2.733e-08 -7.976e-09 -2.979e-10  4.748e-08          0          0  8.549e-09  1.827e-08          0  1.988e-09 -5.091e-09   2.35e-08  5.315e-09  4.431e-08 -4.881e-08          0 -1.423e-09
  -3.07e-08      441.3      442.7      176.8      176.8 -1.992e-08     -606.8      487.8      441.3  5.188e-09          0  9.681e-08  2.052e-08 -1.088e-07 -5.942e-08 -5.138e-08      441.3      483.1      936.4      766.2      409.8     -708.5      590.1     -575.5      365.4      873.1        486     -212.3     -710.7      428.3      428.3      174.3      174.3  2.484e-09      174.3      174.3  5.203e-09  3.176e-08     -702.4 -1.701e-09 -1.703e-08          0      407.8      746.9      746.9  4.829e-08  4.014e-08  2.003e-08 -1.861e-08  1.817e-08  3.562e-10  -1.97e-08 -2.027e-08  1.761e-09  9.057e-09          0      746.9      746.9 -4.249e-08      746.9  1.687e-09  3.459e-08  2.608e-08          0 -8.509e-08 -2.517e-08          0  1.507e-08  6.922e-09          0      448.8      581.4     -146.7      384.8      384.8  2.475e-08      384.8      590.8     -673.1     -706.1     -706.1  6.063e-09     -697.5 -2.516e-08     -697.5     -697.5 -2.742e-08 -8.021e-09 -2.989e-10  4.674e-08          0          0   8.58e-09  1.832e-08          0  1.993e-09 -5.132e-09  2.356e-08  5.334e-09  4.452e-08 -4.903e-08          0 -1.427e-09
 -3.051e-08       1325       1155       1298       1298 -1.981e-08        529      507.5       1325  5.147e-09          0  9.638e-08   2.04e-08 -1.083e-07 -5.936e-08 -5.133e-08       1325      967.1       1140      -1589      903.7      428.6       1696      562.7       1493      -4523      -1318       1557      428.3  -7.38e+04  -7.38e+04       1300       1300  2.464e-09       1300       1300  5.162e-09  3.152e-08      17.24 -1.692e-09 -1.694e-08          0       1267       1760       1760  4.828e-08  3.976e-08  1.983e-08 -1.838e-08  1.807e-08  3.541e-10 -1.959e-08 -2.004e-08  1.747e-09  9.048e-09          0       1760       1760  -4.22e-08       1760  1.678e-09  3.418e-08  2.592e-08          0 -8.478e-08 -2.497e-08          0  1.484e-08  6.907e-09          0       1558       1083      916.4       1503       1503  2.456e-08       1503       1702        474      441.8      441.8   5.99e-09      448.6 -2.501e-08      448.6      448.6 -2.721e-08  3.859e-07 -2.966e-10  4.688e-08          0          0   4.14e-07  1.822e-08          0  1.982e-09 -5.037e-09  2.342e-08  5.291e-09  4.405e-08 -4.853e-08          0 -1.419e-09
 -3.051e-08       1325       1155       1298       1298 -1.981e-08        529      507.5       1325  5.147e-09          0  9.638e-08   2.04e-08 -1.083e-07 -5.936e-08 -5.133e-08       1325      967.1       1140      -1589      903.7      428.6       1696      562.7       1493      -4523      -1318       1557      428.3  -7.38e+04  -7.38e+04       1300       1300  2.464e-09       1300       1300  5.162e-09  3.152e-08      17.24 -1.692e-09 -1.694e-08          0       1267       1760       1760  4.828e-08  3.976e-08  1.983e-08 -1.838e-08  1.807e-08  3.541e-10 -1.959e-08 -2.004e-08  1.747e-09  9.048e-09          0       1760       1760  -4.22e-08       1760  1.678e-09  3.418e-08  2.592e-08          0 -8.478e-08 -2.497e-08          0  1.484e-08  6.907e-09          0       1558       1083      916.4       1503       1503  2.456e-08       1503       1702        474      441.8      441.8   5.99e-09      448.6 -2.501e-08      448.6      448.6 -2.721e-08  3.859e-07 -2.966e-10  4.688e-08          0          0   4.14e-07  1.822e-08          0  1.982e-09 -5.037e-09  2.342e-08  5.291e-09  4.405e-08 -4.853e-08          0 -1.419e-09
