
 53

(((((Istiophorus_platypterus: 0.004229, Tetrapturus_audax: 0.001436): 0.000063, Makaira_nigricans: 0.001329): 0.029640, Xiphias_gladius: 0.021513): 0.033107, (((Coryphaena_equiselis: 0.192905, Echeneis_naucrates: 0.086446): 0.037624, (Gnathanodon_speciosus: 0.014408, Caranx_caninus: 0.055546): 0.058626): 0.018938, (((Centropomus_ensiferus: 0.066373, ((Centropomus_armatus: 0.000004, Centropomus_robalito: 0.000004): 0.027400, Centropomus_unionensis: 0.022425): 0.012421): 0.091981, ((Centropomus_pectinatus: 0.009080, Centropomus_medius: 0.013922): 0.077866, ((((Centropomus_poeyi: 0.078223, (Centropomus_undecimalis: 0.069082, Centropomus_irae: 0.076181): 0.000005): 0.000613, Centropomus_viridis: 0.029854): 0.004060, Centropomus_nigrescens: 0.104403): 0.004601, (Centropomus_parallelus: 0.038523, Centropomus_mexicanus: 0.016354): 0.052491): 0.032924): 0.038701): 0.212127, ((((Sphyraena_helleri: 0.090845, ((Sphyraena_africana: 0.029444, (Sphyraena_japonica: 0.021212, (Sphyraena_acutipinnis: 0.060355, Sphyraena_waitii: 0.056392): 0.094054): 0.032210): 0.023424, Sphyraena_novaehollandiae: 0.092832): 0.053572): 0.114184, ((Sphyraena_viridensis: 0.000243, Sphyraena_argentea: 0.083137): 0.046188, Sphyraena_idiastes: 0.021306): 0.009300): 0.003220, (((Sphyraena_iburiensis: 0.005695, Sphyraena_chrysotaenia: 0.060587): 0.070876, Sphyraena_pinguis: 0.023180): 0.020523, (Sphyraena_obtusata: 0.086896, Sphyraena_flavicauda: 0.028342): 0.034963): 0.121113): 0.050008, (Sphyraena_putnamae: 0.142004, (((Sphyraena_picudilla: 0.000004, (Sphyraena_ensis: 0.004137, (Sphyraena_borealis: 0.006960, Sphyraena_guachancho: 0.001363): 0.000004): 0.000004): 0.062387, Sphyraena_forsteri: 0.054924): 0.003096, (Sphyraena_qenie: 0.011952, (Sphyraena_barracuda: 0.029729, Sphyraena_jello: 0.062805): 0.000004): 0.026261): 0.027409): 0.029860): 0.084816): 0.021791): 0.014853): 0.006170, ((Hypopterus_macropterus: 0.088413, Psammoperca_waigiensis: 0.011452): 0.058823, ((((Lates_angustifrons: 0.000004, Lates_microlepis: 0.000004): 0.017595, Lates_stappersii: 0.005657): 0.004276, Lates_niloticus: 0.012737): 0.032036, (Lates_calcarifer: 0.037683, Lates_japonicus: 0.043609): 0.000549): 0.135459): 0.004237, Nematistius_pectoralis: 0.158857);

  0.006170  0.033107  0.029640  0.000063  0.004229  0.001436  0.001329  0.021513  0.014853  0.018938  0.037624  0.192905  0.086446  0.058626  0.014408  0.055546  0.021791  0.212127  0.091981  0.066373  0.012421  0.027400  0.000004  0.000004  0.022425  0.038701  0.077866  0.009080  0.013922  0.032924  0.004601  0.004060  0.000613  0.078223  0.000005  0.069082  0.076181  0.029854  0.104403  0.052491  0.038523  0.016354  0.084816  0.050008  0.003220  0.114184  0.090845  0.053572  0.023424  0.029444  0.032210  0.021212  0.094054  0.060355  0.056392  0.092832  0.009300  0.046188  0.000243  0.083137  0.021306  0.121113  0.020523  0.070876  0.005695  0.060587  0.023180  0.034963  0.086896  0.028342  0.029860  0.142004  0.027409  0.003096  0.062387  0.000004  0.000004  0.004137  0.000004  0.006960  0.001363  0.054924  0.026261  0.011952  0.000004  0.029729  0.062805  0.004237  0.058823  0.088413  0.011452  0.135459  0.032036  0.004276  0.017595  0.000004  0.000004  0.005657  0.012737  0.000549  0.037683  0.043609  0.158857

  0.006260  0.000000  0.000000 -0.181023  0.000000 -0.109496 -0.177604  0.000000  0.000000  0.000000  0.000000  0.000000  0.000000  0.000000 -0.007460  0.000000  0.000000  0.000000  0.000000  0.000000  0.000000  0.000000 -709.142317 -698.550400  0.000000  0.000000  0.000000  0.000000  0.008448  0.000000  0.000000 -0.007511  0.000000  0.000000 -0.000518  0.000000  0.000000  0.000000  0.000000  0.000000  0.000000  0.000000  0.000000  0.000000  0.000000  0.000000  0.000000  0.000000  0.000000  0.000000  0.000000  0.000000  0.000000  0.000000  0.000000  0.000000  0.000000  0.000000 -0.000346  0.000000  0.000000  0.000000  0.000000  0.000000  0.000000  0.000000  0.000000  0.000000  0.000000  0.000000  0.000000  0.000000  0.000000 -0.011982  0.000000 -733.892282 -735.641510  0.000000 -732.711076 -0.008650 -0.188849  0.000000  0.000000  0.010158 -106.394236 -0.005533  0.000000  0.000000  0.000000  0.000000  0.000000  0.000000  0.000000  0.018762  0.000000 -739.384225 -739.384225 -0.010421  0.012124  0.000000  0.000000  0.000000  0.000000


Hessian

 -1.953e+04      -4305      167.6      359.7       2199      502.3      367.2      140.1      -3970     -555.5      302.1      488.8     -208.8     -494.9      846.8      433.1      -1308      137.1      563.6      775.2      792.1     -853.5      113.5      142.9      804.9      589.2      155.7      985.2      881.6     -271.9     -271.9      659.8      706.9 -2.939e-09      706.9      706.9  -1.88e-10      940.6      476.7 -3.599e-08  7.623e-09 -1.048e-08      106.1      498.5      210.4       -192      164.6      146.4      146.4      160.4      51.72      51.72 -2.371e-08 -1.474e-09 -1.587e-07  1.816e-09      402.4      402.4      402.4 -2.181e-08 -2.652e-08      33.93     -236.2      227.7      227.7  1.119e-08     -6.746     -316.1     -316.1 -2.378e-08      411.9     -82.64      415.8      868.2      750.7      79.08      73.31       1721       75.9      954.5      700.3        194      832.7      987.2     -819.3     -746.5      133.5      -2954     -462.3  2.001e-09     -462.3     -676.8       -944       1232      958.2      92.75      92.75       1394     -922.5      -1995      185.9     -220.7     -712.3
      -4305      -8457     -537.9     -415.5      -5385      764.5     -379.4     -341.5      -3095       -736      124.2      537.6     -480.4      86.67     -659.4     -805.6       -338      31.04      263.6     -27.12     -236.1      13.38      444.8      453.1      530.1      28.38      332.3      895.1     -919.5     -533.8     -533.8      440.2      104.4 -2.994e-09      104.4      104.4 -1.897e-10     -585.5      338.1 -3.682e-08  7.595e-09 -7.707e-09       80.4      411.6      296.7     -51.92      69.56     -146.5     -146.5     -148.8     -137.5     -137.5 -2.629e-08 -1.899e-09  1.457e-08   1.81e-09      348.7      348.7      348.7 -2.196e-08  4.227e-08      65.66      43.54      126.1      126.1  1.203e-08      84.43     -89.65     -89.65 -1.101e-08     -620.6      94.83     -597.5      115.3     -140.8      410.5      404.4      451.4        407       1531       1021      68.23       -219      919.1      -1249      -1092      200.4     -855.9      85.85  2.206e-09      85.85    -0.8784      -1126       1325       1157      423.8      423.8       1970      929.5      210.4      550.5     -306.1     -24.83
      167.6     -537.9 -1.675e+04 -2.252e+04      -4789         63 -2.255e+04      -4102      -85.4     -168.9     -577.3      224.3     -194.2     -64.91     -775.7     -253.3      218.3        273      315.1     -110.4     -250.3      -1012      215.4      141.4      662.8     -655.7      418.6       1306       1037     -495.5     -495.5      672.4      365.2 -3.025e-09      365.2      365.2 -1.897e-10      856.8      457.5  9.962e-08  7.607e-09   1.34e-07       -616     -211.4     -242.6     -17.05       -212      14.94      14.94     -104.2     -260.7     -260.7 -1.584e-07 -1.902e-09  1.744e-08  1.814e-09     -225.5     -225.5     -225.5 -2.237e-08  4.019e-08      69.33       79.3     -320.2     -320.2  1.228e-08      136.7      60.66      60.66 -3.857e-08     -116.6      10.86     -899.9     -198.3     -339.3      202.6      196.2       2641      198.9       1505      815.3      26.68      275.2     -422.4      -1217      -1022       -346      -1624     -676.2  2.282e-09     -676.2      288.6      -2345       1032       1533        110        110       1816     -437.8      -1006        543     -863.6      169.7
      359.7     -415.5 -2.252e+04 -5.024e+05      99.66      -7185 -4.992e+05     -605.9 -1.276e+04      -6903      506.3       1236       1329      98.19       2280       2131     -904.2      244.6       1715       2158       2326       2360      705.7      715.8       2301       1631       1836       2530       2277       2232       2232       1979       2057 -3.135e-09       2057       2057  -1.89e-10       2370       1813 -4.168e-08  7.695e-09 -1.124e-08      -6522     -761.4     -782.8     -45.37      19.86      40.84      40.84      86.41      23.13      23.13 -2.554e-08 -2.181e-09  1.852e-08   1.84e-09     -737.4     -737.4     -737.4 -2.412e-08  4.451e-08      28.44     -10.02      23.71      23.71  1.298e-08      97.68     -21.41     -21.41 -4.394e-08     -856.8     -3.152     -889.6      -3334      -3485      695.3      688.4       3147      691.2       2066       1315     -102.4      -8948       2586       2721       2927      102.2       1535        153  2.378e-09        153       1289 -1.726e+04       1840       2173      575.8      575.8       2547       2617 -1.124e+04       1138       1422       1197
       2199      -5385      -4789      99.66 -1.632e+05       -436      -1070       1769       1882       2451       1937     -746.6       2120       2222       1839      -6424     -539.6     -70.13       1548       2052       2175       2210        639      649.3       1559       1407       1673       1762       2001       1979       1979       1602      -1945 -3.121e-09      -1945      -1945  -1.89e-10       1589       1204 -4.162e-08  7.683e-09 -1.132e-08      297.3      256.9      235.7     -44.82      19.78      40.32      40.32      85.53      23.05      23.05  -2.52e-08 -2.175e-09  1.839e-08  1.836e-09      280.5      280.5      280.5 -2.389e-08  4.403e-08      28.13     -9.865      23.53      23.53  1.289e-08      96.09     -21.25     -21.25 -4.348e-08      -2515     -3.134      -2547     -414.2     -565.3      734.4      736.9 -5.398e+04      740.8       2114       1367     -101.2     -987.6       1190      -5028      -4825      101.5       2340       1738  2.366e-09       1738      353.9      -7275       2400       2124      539.5      539.5       2524       2782      529.1      -4471      -3287       1815
      502.3      764.5         63      -7185       -436 -4.859e+05      -6517      878.8      250.3      674.3      559.3        523      697.7      639.1      837.4      623.6      483.3      435.2      507.7      596.4      596.9      579.1      -1227      -1217      90.57      450.4        378      248.3      405.8      651.1      651.1      178.8      498.8 -3.131e-09      498.8      498.8  -1.89e-10      209.3      28.62 -4.174e-08  7.691e-09 -1.135e-08      435.9       16.2     -5.145     -45.22      19.97       40.7       40.7      86.26      23.28      23.28 -2.536e-08  -2.18e-09  1.848e-08  1.839e-09      40.07      40.07      40.07 -2.405e-08  4.437e-08      28.32     -10.02      23.87      23.87  1.295e-08      97.19      -21.4      -21.4  -4.38e-08      682.8     -3.156      650.7      674.6      523.3      -1325      -1332       1320      -1329      88.88       -697     -102.1      308.4      856.6      394.6      599.6      102.3      802.4      149.9  2.375e-09      149.9        556      455.3      697.2      342.6      -1357      -1357      681.3       1030      576.5      19.17      535.9      488.4
      367.2     -379.4 -2.255e+04 -4.992e+05      -1070      -6517 -4.961e+05     -600.2 -1.267e+04      -6847      510.5       1215       1329      109.4       2288       2166     -882.2      253.4       1714       2157       2323       2358      705.6      715.9       2280       1631       1832       2507       2268       2229       2229       1973       2070 -3.131e-09       2070       2070  -1.89e-10       2349       1797 -4.173e-08  7.691e-09 -1.134e-08      -6469     -757.2     -778.5     -45.23      19.97      40.71      40.71      86.28      23.27      23.27 -2.537e-08  -2.18e-09  1.848e-08  1.839e-09     -733.3     -733.3     -733.3 -2.405e-08  4.438e-08      28.33     -10.03      23.87      23.87  1.295e-08      97.23     -21.41     -21.41 -4.382e-08     -824.6     -3.156     -856.7      -3297      -3448      694.1      687.2       3320        690       2062       1314     -102.1      -8879       2554       2512       2717      102.3       1540      149.6  2.375e-09      149.6       1294  -1.71e+04       1843       2169      575.8      575.8       2542       2622 -1.114e+04       1145       1447       1197
      140.1     -341.5      -4102     -605.9       1769      878.8     -600.2 -2.017e+04      610.9     -581.5     -311.4      432.5     -524.9      289.4      781.7      -1146      581.8      99.38      158.2     -184.6      78.61       1280      519.3      494.1       1167      176.7      128.4       1632       1240      -1536      -1536      415.9     -599.8  -3.05e-09     -599.8     -599.8 -1.895e-10      821.7      199.8 -3.619e-08   7.63e-09 -6.425e-09      301.5     -190.7     -214.7     -40.41     -36.73      24.31      24.31      26.51     -49.46     -49.46 -2.842e-08 -1.468e-09  1.765e-08   1.82e-09     -174.2     -174.2     -174.2 -2.276e-08  4.083e-08      31.15      5.661     -57.97     -57.97  1.244e-08      88.28     -8.507     -8.507 -3.872e-08      144.4     -1.853     -52.72      455.9      310.4      309.7      303.1       2767      305.9       1622      924.4     -66.57      766.2      -2843      -3219      -3026     -4.505      -3143     -720.3  2.304e-09     -720.3     -72.45      -1387     -402.1       1872      442.6      442.6       2203     -66.63      -3812      70.84      -1609      11.53
      -3970      -3095      -85.4 -1.276e+04       1882      250.3 -1.267e+04      610.9 -1.616e+04      -1970     -169.4      82.79       -407     -615.5     -65.31     -691.8     -170.2      89.67      258.8      778.3      820.5      410.9      15.55     -188.7     -25.65     -217.3      209.1      642.1      346.8      409.4      409.4      353.6      368.5 -3.005e-09      368.5      368.5 -1.912e-10      238.6      113.4 -3.966e-08  7.643e-09 -1.044e-08     -202.8      281.2      162.1      33.97      86.91         39         39      75.09      117.9      117.9 -2.329e-08 -1.909e-09  1.325e-08  1.823e-09      128.1      128.1      128.1  -2.13e-08  4.095e-08      171.9      210.7        236        236  1.169e-08      245.2     -381.2     -381.2 -1.378e-08      156.2      131.6      198.8     -66.48       54.5      50.51      44.56     -316.2      46.51     -124.9        669       76.9     -42.29      703.9      341.9      487.2      337.3     -62.65     -461.7  2.012e-09     -461.7      24.24      223.8      472.6       1090      53.38      53.38       1606       1270      561.9      289.8        971      87.48
     -555.5       -736     -168.9      -6903       2451      674.3      -6847     -581.5      -1970 -1.081e+04     -490.6      297.3      147.6      -1336     -834.1      313.8     -227.1     -166.9     -638.5      750.8      867.3      591.9      374.5      336.1      507.3     -48.35      45.78      -1362     -427.6        255        255      -1059      600.5 -2.282e-09      600.5      600.5 -1.907e-10      396.5     -768.4 -3.959e-08  7.626e-09 -1.041e-08      74.76      381.4      256.1      118.7     -93.34      110.6      110.6        256      350.5      350.5  -2.21e-08  -1.45e-09  1.304e-08  1.972e-09      137.4      137.4      137.4 -2.095e-08  3.542e-07      171.9      194.1        134        134  1.166e-08     -40.02      82.06      82.06 -2.885e-08      281.1     -195.5      299.8      580.5      311.3      350.9      344.8       1217      347.3       1126      961.7      220.6      540.4      434.6     -871.3     -732.6      471.6     -888.2     -591.2  2.156e-09     -591.2      104.5      515.4       1201       1322      369.6      369.6       1404      24.23      842.9      265.5      40.53     -234.6
      302.1      124.2     -577.3      506.3       1937      559.3      510.5     -311.4     -169.4     -490.6      -5155     -140.3      -1258     -227.1     -187.2     -132.6        228      9.067     -43.65     -635.6     -77.01     -88.44      100.5      106.7        175      165.9      106.7      356.5      166.1        105        105      402.1      169.8 -2.574e-09      169.8      169.8 -1.907e-10      491.6      242.4 -3.683e-08   7.54e-09 -9.854e-09       38.2      219.7      245.1      48.06      26.68      17.32      17.32       -141      116.3      116.3 -1.606e-08  -1.06e-09 -4.987e-09  1.792e-09      197.1      197.1      197.1 -1.429e-08  2.709e-08     -12.44      128.8     -11.89     -11.89   1.12e-08      74.87      35.13      35.13 -9.183e-08     -216.2      73.89      33.89      459.6      544.7      252.3      246.8     -880.6      248.3      -1632      854.1      137.2      417.7     -620.2     -248.6     -134.9      123.5      181.9      175.4  3.467e-09      175.4     -303.7      311.7       1005      990.2      233.7      233.7      -1101     -461.2     -35.63      120.6      513.5       -114
      488.8      537.6      224.3       1236     -746.6        523       1215      432.5      82.79      297.3     -140.3      -1363      106.8     -31.31     -165.2       -155     -54.19     -54.33      84.92      135.7      515.1      408.2         71      120.6      277.3      200.2      98.29      301.7        441      53.11      53.11      293.7     -78.98 -2.465e-09     -78.98     -78.98 -1.959e-10     -7.722      251.8 -8.835e-09  7.131e-09 -8.686e-09     -55.41     -1.317     -3.719      53.45     -1.433     -112.3     -112.3      -21.5      70.05      70.05  4.828e-08  9.262e-09   8.92e-09  1.676e-09     -57.17     -57.17     -57.17  5.074e-08 -7.748e-09      38.84      93.66      -34.8      -34.8  8.865e-09     -32.85      13.53      13.53   3.94e-08     -150.3      55.96       -197      10.31     -218.6      162.7        159     -220.2      161.3      871.2      714.5      44.88     -13.93      202.3      227.6      200.4      62.89     -191.5     -31.35  2.249e-08     -31.35      114.7      58.26      630.2      25.62      161.1      161.1      -1202      514.6      391.3     -9.471      278.9      124.5
     -208.8     -480.4     -194.2       1329       2120      697.7       1329     -524.9       -407      147.6      -1258      106.8      -3229      27.67     -99.81        200     -76.22      148.6     -116.5     -350.1       -649       -169      182.5        244      480.1     -272.5     -202.9     -3.954     -237.1     -334.2     -334.2      399.3       -106 -2.734e-09       -106       -106 -1.917e-10     -32.78      115.9 -3.617e-08  7.425e-09 -9.563e-09      138.5      303.4      255.4      20.04     -50.52     -18.81     -18.81     -522.8     -105.1     -105.1  -1.79e-08 -1.251e-09 -6.779e-08  1.759e-09      235.4      235.4      235.4 -1.595e-08 -4.928e-09     -125.8      216.1     -71.83     -71.83  1.069e-08      11.61     -60.52     -60.52   2.71e-08      263.4      58.97      105.8     -870.9      321.1      341.2        336       1583      338.3      921.1      929.5      270.5      445.5      449.8      592.9      699.6     -31.22     -96.01      214.8  2.669e-09      214.8     -111.7      381.8      196.6      873.2      322.8      322.8      118.4     -571.7      643.8      210.1      280.9     -169.4
     -494.9      86.67     -64.91      98.19       2222      639.1      109.4      289.4     -615.5      -1336     -227.1     -31.31      27.67      -5728      -1120      186.6      144.6      90.22     -125.7      238.8      225.5     -365.3      244.4      142.8     -93.06      79.53      423.1        786      810.4     -266.6     -266.6      225.3     -21.82  6.972e-08     -21.82     -21.82 -1.906e-10        447      175.5 -3.816e-08   7.52e-09 -1.011e-08      159.6     -84.86     -146.8      110.4      102.8      33.08      33.08      104.7      321.3      321.3  4.965e-08 -1.437e-09  1.522e-08  1.941e-09     -257.2     -257.2     -257.2 -2.009e-08 -2.476e-07      196.8      183.6       -468       -468  1.129e-08     -762.7      176.7      176.7  5.919e-08      118.7       2.96     -358.1        270      360.4      265.5      259.9      -1786      261.2     -557.3      770.8     -7.671      198.8     -60.92      369.5      523.6      90.83     -430.8      -1816  2.194e-09      -1816        385      53.48      807.6       1053      277.2      277.2       1445      493.7      393.3      413.3      404.6      240.6
      846.8     -659.4     -775.7       2280       1839      837.4       2288      781.7     -65.31     -834.1     -187.2     -165.2     -99.81      -1120 -2.071e+04      -3742     -48.99     -35.57      23.63      176.8      695.6      -1566      737.6      709.2      -1987       -354      522.4       1059       1486     -514.4     -514.4      657.9     -805.9 -3.577e-09     -805.9     -805.9 -1.894e-10     -110.3       -121 -3.888e-08  7.644e-09 -1.055e-08     -482.3      173.1      235.9      181.2      -28.2      211.4      211.4       -190      212.5      212.5 -2.506e-08  -1.47e-09  1.754e-08  1.824e-09      54.75      54.75      54.75 -2.269e-08   4.14e-08      123.1      252.8      357.6      357.6  1.222e-08      289.5     -204.5     -204.5 -3.845e-08      141.1      66.85     -654.2      -4435      -1143      657.1        651      -5144      652.1       1651      876.8      447.2      -2010      -7634      -1251      -1058      161.2     -23.89     -971.5  2.317e-09     -971.5     -208.1     -423.3      -3290       1881      521.8      521.8       1816      -2554       1237      562.3       1215      440.4
      433.1     -805.6     -253.3       2131      -6424      623.6       2166      -1146     -691.8      313.8     -132.6       -155        200      186.6      -3742      -8565        468      206.1      208.7     -372.9      301.9       14.3      301.8      267.9      -1447        140      418.4     -307.5       1081      294.8      294.8      539.6      43.41 -3.999e-09      43.41      43.41 -1.904e-10     -260.4      207.7 -1.439e-09  7.532e-09 -1.019e-08      62.11      45.48      95.23      105.4      113.7      176.1      176.1       -283     -171.8     -171.8 -2.382e-08 -1.446e-09  1.662e-08  1.945e-09     -10.17     -10.17     -10.17 -2.096e-08  4.704e-08       5.03      84.15      134.2      134.2  1.149e-08      27.84     -233.6     -233.6 -3.771e-08     -268.5      47.18     -489.6       -682     -77.35      217.5      212.2      -4980      168.8       1319 -1.235e+04     -68.44     -684.7     -912.4      -1126     -963.8      359.3     -849.6       67.6  2.205e-09       67.6      189.7      395.5     -98.27       1055      196.7      196.7     -40.75      -2009       1289      266.5      736.5      555.9
      -1308       -338      218.3     -904.2     -539.6      483.3     -882.2      581.8     -170.2     -227.1        228     -54.19     -76.22      144.6     -48.99        468      -6570     -159.3      323.8      409.6      -69.9     -388.1      93.29      54.33      350.4      170.9       83.3      533.6      185.1      148.8      148.8      529.5      482.4 -3.813e-09      482.4      482.4 -3.035e-10      560.1      107.9 -3.344e-08  7.545e-09 -9.148e-09      -1015      116.5      120.8     -9.968      35.52      65.81      65.81     -3.717      -35.1      -35.1 -5.729e-09 -1.889e-09  1.421e-08  1.948e-09      130.8      130.8      130.8 -3.553e-09  3.913e-08     -41.62     -103.9      91.18      91.18  1.566e-09        113      45.73      45.73  5.884e-08     -293.6     -15.06     -424.6     -3.166        351      134.4      133.6     -905.2      135.2     -680.8      747.3      11.99        248      352.1     -395.2     -383.5      89.28     -14.98      272.6 -5.733e-09      272.6      134.9      313.3     -155.9      277.1       86.4       86.4      218.2     -640.8      125.4      88.05      176.3     -96.36
      137.1      31.04        273      244.6     -70.13      435.2      253.4      99.38      89.67     -166.9      9.067     -54.33      148.6      90.22     -35.57      206.1     -159.3     -905.5     -45.87      39.32     -4.144      194.1      80.68      85.95      15.01     -132.1      -60.9      300.6     -195.2      16.61      16.61      9.312      36.08 -1.671e-09      36.08      36.08 -2.084e-10      243.5      69.27  9.311e-09  7.003e-09  2.173e-08      179.6      41.27     -58.72     -74.57      42.18      81.35      81.35      92.96       93.2       93.2   2.22e-09 -1.346e-09 -7.338e-09  1.658e-09      15.85      15.85      15.85  1.071e-08  -7.16e-09      -7.44       44.5      21.03      21.03 -7.762e-09      100.4      84.98      84.98  4.058e-09      154.8      45.39      74.19         93      238.9      78.64      77.14     -16.83      78.43     -710.3      624.7      6.977      300.2     -573.1      163.4      198.9      12.79      213.6      111.6 -1.434e-08      111.6     -7.141      137.1     -474.8      312.2      76.37      76.37      176.8         80      199.7     -149.6     -61.68      98.98
      563.6      263.6      315.1       1715       1548      507.7       1714      158.2      258.8     -638.5     -43.65      84.92     -116.5     -125.7      23.63      208.7      323.8     -45.87      -2559      64.94     -551.4     -101.1      75.26      25.66     -49.01     -909.1     -263.1       -657     -359.8     -226.4     -226.4     -773.7     -38.43 -1.935e-09     -38.43     -38.43 -1.924e-10     -757.5       -198 -3.089e-08  7.244e-09 -1.339e-08      358.7      182.4      66.27     -26.66     -83.41     -83.09     -83.09     -170.9      96.94      96.94 -1.283e-09 -1.416e-09  1.246e-08  1.749e-09      92.93      92.93      92.93  1.044e-09 -1.409e-07      19.13      159.1      102.6      102.6 -4.901e-09     -268.1      61.72      61.72  3.088e-08      300.1      112.8      208.4      514.6      109.3      76.63      83.79       1678      85.87     -734.7      675.4      170.4        125      172.2      144.7        198    -0.1228      517.9      115.7  1.072e-08      115.7      204.4      502.3      267.9        266      87.15      87.15      174.7      -1054        198      227.4        385        299
      775.2     -27.12     -110.4       2158       2052      596.4       2157     -184.6      778.3      750.8     -635.6      135.7     -350.1      238.8      176.8     -372.9      409.6      39.32      64.94      -6035      -3291     -527.7      48.59      167.2     -27.29     -119.9      524.5     -60.94      402.8       -140       -140      562.8     -70.07 -1.962e-09     -70.07     -70.07 -1.908e-10      315.6     -113.9  2.684e-08  7.487e-09  4.521e-08      62.49      174.1     -120.2     -160.6        104      215.7      215.7        182      194.2      194.2  -2.44e-08 -1.438e-09  1.511e-08  1.779e-09      40.32      40.32      40.32 -3.206e-08 -1.407e-07      43.71      187.4      255.4      255.4  1.105e-08      -34.3      159.7      159.7  -3.34e-08      193.1      145.7      243.8       1026      538.8      182.4      178.4       2141        181       1285      783.3     -148.3      662.4     -475.8      263.3      206.4     -32.91      705.3      152.3  2.281e-09      152.3        333      716.6      -3049      703.4      174.1      174.1       -308     -677.8      624.6     -164.1      5.301      175.6
      792.1     -236.1     -250.3       2326       2175      596.9       2323      78.61      820.5      867.3     -77.01      515.1       -649      225.5      695.6      301.9      -69.9     -4.144     -551.4      -3291  -1.43e+04      -1956      58.03      208.4      85.89     -912.7      158.4      785.6     -223.4     -445.2     -445.2      309.1     -218.8 -2.028e-09     -218.8     -218.8 -1.895e-10      602.3     -81.08 -2.793e-08  7.569e-09 -1.115e-08      355.4     -20.68     -184.4     -31.35      93.42      208.2      208.2        199      207.3      207.3 -2.758e-08 -1.469e-09  1.606e-08  1.802e-09       -153       -153       -153  -3.33e-08 -1.453e-07     -196.4      173.1      267.5      267.5  1.141e-08     -40.77      163.7      163.7 -3.248e-08        269      90.63      96.88      749.7      455.2      243.6      240.8       2066      243.5       1372      863.4       -147      848.9      576.3      889.6      570.9      5.039       1031      241.1  2.775e-09      241.1      608.3      453.6     -835.3        691      153.9      153.9      981.4      427.5      728.6      500.8      -1015      115.8
     -853.5      13.38      -1012       2360       2210      579.1       2358       1280      410.9      591.9     -88.44      408.2       -169     -365.3      -1566       14.3     -388.1      194.1     -101.1     -527.7      -1956 -1.495e+04      15.84      166.2      -2592      110.4      656.7        896     -691.1      560.2      560.2      758.4      354.3 -2.028e-09      354.3      354.3 -1.896e-10      851.5     -151.6  1.149e-07  7.562e-09  1.363e-07      187.1      54.77      89.52      113.2        153      229.5      229.5     -248.2      117.1      117.1  -1.71e-07 -1.464e-09  1.642e-08  1.801e-09     -23.69     -23.69     -23.69 -3.372e-08 -1.528e-07      -70.5      243.4      392.9      392.9  1.143e-08      97.87        102        102 -3.293e-08        713      14.42      428.6      -3708     -252.6      156.2      151.7      -6069      154.6       1289      772.2      181.6     -370.4      -1532       -426     -256.2     -826.5      449.5     -136.2  2.795e-09     -136.2      235.3      330.6     -289.9       1343      113.3      113.3       1437      -4609       1246     -366.3       1331      198.2
      113.5      444.8      215.4      705.7        639      -1227      705.6      519.3      15.55      374.5      100.5         71      182.5      244.4      737.6      301.8      93.29      80.68      75.26      48.59      58.03      15.84      -1940      -1790      158.4      22.89       21.9      188.3      36.55      279.4      279.4     -192.7      172.4 -2.227e-09      172.4      172.4  -1.89e-10        232     0.6359 -3.903e-08  7.693e-09 -2.239e-08      135.5      15.05     -16.36     -46.57      8.092      38.33      38.33      69.49     -1.931     -1.931 -2.836e-08 -1.483e-09   1.74e-08   1.84e-09      30.21      30.21      30.21 -4.075e-08  3.618e-08      40.38     -31.46      19.35      19.35  1.276e-08        117     -27.97     -27.97 -4.726e-08      260.2     -8.895      220.6      425.5      282.5      -1730      -1736      641.6      -1733     -558.6      -1099     -117.6      93.28      494.4      206.5        411        142      410.4      166.8  2.067e-09      166.8      192.2      262.4      517.1      46.51      -1766      -1766        733      818.1      287.6     -25.33        111      115.3
      142.9      453.1      141.4      715.8      649.3      -1217      715.9      494.1     -188.7      336.1      106.7      120.6        244      142.8      709.2      267.9      54.33      85.95      25.66      167.2      208.4      166.2      -1790      -1790      158.4      7.193      6.201      188.3      20.85      279.4      279.4     -192.7      172.4 -2.227e-09      172.4      172.4  -1.89e-10        232     0.6359 -3.553e-08   7.62e-09 -2.239e-08      150.1      15.05     -16.36     -46.57      8.092      38.33      38.33      69.49     -1.931     -1.931 -2.723e-08 -1.483e-09   1.74e-08   1.84e-09      30.21      30.21      30.21 -4.082e-08  3.618e-08      40.38     -31.46      19.35      19.35  1.276e-08        117     -27.97     -27.97 -4.741e-08      274.8     -8.895      235.2      405.8      262.7      -1729      -1734      643.4      -1732      -1439      -1098     -117.6      63.21      492.2      206.1      410.5        142      406.4      166.8  2.067e-09      166.8      188.2        350      529.9      56.07      -1756      -1756      742.9      828.8      429.6     -25.33      253.1        143
      804.9      530.1      662.8       2301       1559      90.57       2280       1167     -25.65      507.3        175      277.3      480.1     -93.06      -1987      -1447      350.4      15.01     -49.01     -27.29      85.89      -2592      158.4      158.4 -1.333e+04     -227.2     -295.6       1194      850.2     -276.1     -276.1      399.6     -146.5          0     -146.5     -146.5 -1.895e-10      765.5      93.56  -1.95e-08  2.373e-09 -1.781e-08      315.5     -319.6     -386.4      78.68      89.02      112.8      112.8      39.92      95.38      95.38 -1.343e-08 -1.467e-09  1.656e-08  2.482e-10     -465.1     -465.1     -465.1 -1.393e-08 -4.026e-08      140.3      178.9      110.7      110.7  6.578e-09      169.9      82.47      82.47 -9.339e-09      501.1     -227.3        448     -325.2     -761.5      62.98      58.19       1102      60.42      317.1      680.5      47.25      273.2     -830.5       -174     -84.24     -626.6      394.3     -49.74  5.859e-09     -49.74       -512        750      747.7      -2217      51.83      51.83      -2482      -2324       1122      779.5       1184      398.6
      589.2      28.38     -655.7       1631       1407      450.4       1631      176.7     -217.3     -48.35      165.9      200.2     -272.5      79.53       -354        140      170.9     -132.1     -909.1     -119.9     -912.7      110.4      22.89      7.193     -227.2      -4338     -265.9      144.6     -395.9     -337.4     -337.4     -285.2     -61.93 -2.133e-09     -61.93     -61.93 -1.916e-10     -18.83     -137.4 -3.205e-08  6.336e-09  -1.34e-08      269.6     -193.4      82.72      51.18     -104.2     -25.17     -25.17     -278.3     -188.4     -188.4 -5.552e-10 -1.441e-09  1.174e-08  1.781e-09      31.55      31.55      31.55 -1.586e-08 -5.492e-09     -11.91      220.3      87.01      87.01  8.185e-09      185.3      214.5      214.5  3.417e-08      340.8        124     -335.1      31.11       -141       54.8      55.87       1667      58.28      745.9      662.6     -204.1      124.7       -493      402.5      381.3      56.82      330.9      93.72  6.948e-08      93.72      178.4      205.9      -1522      322.3      49.18      49.18      712.7     -557.8     -157.4      152.3      80.25      410.6
      155.7      332.3      418.6       1836       1673        378       1832      128.4      209.1      45.78      106.7      98.29     -202.9      423.1      522.4      418.4       83.3      -60.9     -263.1      524.5      158.4      656.7       21.9      6.201     -295.6     -265.9      -3673     -145.8     -902.3     -954.8     -954.8     -708.9     -450.9 -1.865e-09     -450.9     -450.9 -1.912e-10       -525      161.7 -3.289e-08  6.771e-09  3.179e-08      103.8     -194.5      42.89      42.08      87.55      76.59      76.59      2.653      33.48      33.48  1.379e-07  -1.43e-09 -1.164e-08  1.756e-09     0.8089     0.8089     0.8089  1.293e-07  4.296e-08      63.38      48.78      167.5      167.5 -2.348e-08      221.7     -135.2     -135.2  1.288e-07      486.3     -37.77      415.6      458.1      396.4      6.273      5.193       1897      7.596        753      605.5     -46.38      264.7        559      730.1      552.5      228.9      376.7      295.5  8.891e-09      295.5        198     -110.7      809.5     -657.1      8.227      8.227      -3307     -335.3       19.7      271.3      203.2      236.5
      985.2      895.1       1306       2530       1762      248.3       2507       1632      642.1      -1362      356.5      301.7     -3.954        786       1059     -307.5      533.6      300.6       -657     -60.94      785.6        896      188.3      188.3       1194      144.6     -145.8 -2.984e+04 -1.088e+04      368.6      368.6      -5030      278.6          0      278.6      278.6 -1.892e-10     -716.1     -83.99 -2.261e-08  2.382e-09 -1.761e-08      591.3      704.4      690.3      147.9      211.2      243.4      243.4      339.8      277.8      277.8 -1.352e-08 -1.476e-09 -7.597e-07  2.495e-10      542.5      542.5      542.5 -1.667e-08  4.357e-07     -379.7      79.75     -628.2     -628.2  6.693e-09     -901.7       -298       -298 -1.215e-08      301.2      242.5      282.1       1262      914.2      -14.9      104.4       1603      106.6      245.5      731.8      229.2       1194       1333      -1785      -1695      363.4       1061      682.8  5.969e-09      682.8        170       1558      971.2       1509      217.2      217.2       1276      -3170       1417      330.7      284.2      453.7
      881.6     -919.5       1037       2277       2001      405.8       2268       1240      346.8     -427.6      166.1        441     -237.1      810.4       1486       1081      185.1     -195.2     -359.8      402.8     -223.4     -691.1      36.55      20.85      850.2     -395.9     -902.3 -1.088e+04 -2.279e+04      287.2      287.2      -2610      284.2 -1.865e-09      284.2      284.2 -1.893e-10     -129.3      -1034 -3.426e-08  6.817e-09 -1.797e-08      466.9      740.8      685.5      25.92      38.04      75.51      75.51      55.46     -35.18     -35.18  2.232e-08 -1.473e-09 -8.994e-08  1.763e-09      659.5      659.5      659.5  1.232e-08  2.856e-07     -60.89      60.66     -30.15     -30.15 -2.277e-08      37.03     -88.53     -88.53  5.933e-09      828.1      109.5      736.6      503.5        283       55.2      89.07       2212      91.56      831.2      714.7     -113.3       1252      386.4     -493.2     -579.6      215.4       1053      767.9   9.58e-09      767.9      478.6       1530       1352      949.8      115.4      115.4     -392.1      94.61       1441     -781.9     -835.3      313.4
     -271.9     -533.8     -495.5       2232       1979      651.1       2229      -1536      409.4        255        105      53.11     -334.2     -266.6     -514.4      294.8      148.8      16.61     -226.4       -140     -445.2      560.2      279.4      279.4     -276.1     -337.4     -954.8      368.6      287.2      -5608      -5608      -1976      -1105 -1.813e-09      -1105      -1105 -1.901e-10      244.1      415.8 -3.121e-08 -3.074e-08 -8.909e-09      165.8     -130.3     -68.47      56.18      83.57       -213       -213     -56.21     -96.11     -96.11 -1.017e-09 -1.453e-09  9.653e-10  1.747e-09     -124.7     -124.7     -124.7  2.631e-08   4.54e-08     -54.45     -603.4      30.46      30.46 -2.491e-09     -135.8      21.64      21.64 -6.857e-09      232.5     -32.15     -572.2      43.86      384.8      162.2      163.7       2106      165.9      395.1      777.1      118.8        352      339.1     -487.4     -444.3      256.7      -1867     -123.6  7.952e-09     -123.6      -30.7     -761.9     -466.2      993.9      226.2      226.2      446.7     -347.9      105.5        142      42.36      268.6
     -271.9     -533.8     -495.5       2232       1979      651.1       2229      -1536      409.4        255        105      53.11     -334.2     -266.6     -514.4      294.8      148.8      16.61     -226.4       -140     -445.2      560.2      279.4      279.4     -276.1     -337.4     -954.8      368.6      287.2      -5608      -5608      -1976      -1105 -1.813e-09      -1105      -1105 -1.901e-10      244.1      415.8 -3.121e-08 -3.074e-08 -8.909e-09      165.8     -130.3     -68.47      56.18      83.57       -213       -213     -56.21     -96.11     -96.11 -1.017e-09 -1.453e-09  9.653e-10  1.747e-09     -124.7     -124.7     -124.7  2.631e-08   4.54e-08     -54.45     -603.4      30.46      30.46 -2.491e-09     -135.8      21.64      21.64 -6.857e-09      232.5     -32.15     -572.2      43.86      384.8      162.2      163.7       2106      165.9      395.1      777.1      118.8        352      339.1     -487.4     -444.3      256.7      -1867     -123.6  7.952e-09     -123.6      -30.7     -761.9     -466.2      993.9      226.2      226.2      446.7     -347.9      105.5        142      42.36      268.6
